      1.00000000     -1.00000000     -1.00000000     -1.00000000     -1.00000000      0.00000000      0.00000000      0.00000000      0.81874000      0.57137200     -0.05656600     -0.57399800      0.81689400     -0.05665600      0.01383700      0.07885600      0.99679000
      2.00000000      0.95775140     -0.03557134      0.02094750      0.28461926  -9862.31060800    -27.15851600     21.95588700      0.83710600      0.54369900     -0.06037400     -0.54667900      0.83545300     -0.05621300      0.01987600      0.08006100      0.99659200
      3.00000000      0.95754765     -0.03638383      0.02092559      0.28520330  -9862.34760400    -26.10943700     22.82103000      0.83644200      0.54466900     -0.06082800     -0.54771400      0.83467100     -0.05774200      0.01932100      0.08161500      0.99647700
      4.00000000      0.95609976     -0.04218597      0.02335949      0.28904620  -9885.65585200    -25.18989000     21.85400400      0.83181300      0.55074300     -0.06905500     -0.55468500      0.82934500     -0.06716400      0.02028100      0.09417200      0.99534900
      5.00000000      0.95763628     -0.03726075      0.02494684      0.28446813  -9881.17357200    -29.02547000     20.47177300      0.83691100      0.54297500     -0.06897900     -0.54669300      0.83537900     -0.05717100      0.02658100      0.08555800      0.99597900
      6.00000000      0.95697074     -0.03692616      0.02264881      0.28693275  -9879.06483600    -28.63403700     21.79440300      0.83431300      0.54750000     -0.06453900     -0.55084500      0.83261200     -0.05767700      0.02215800      0.08367200      0.99624700
      7.00000000      0.95615650     -0.04043114      0.02049011      0.28932711  -9868.65487100    -25.25616300     22.81632700      0.83174000      0.55162700     -0.06257900     -0.55494100      0.82931000     -0.06546000      0.01578800      0.08917400      0.99589100
      8.00000000      0.95764607     -0.04088019      0.01809150      0.28445634  -9841.52467900    -24.94928800     26.14153100      0.83751400      0.54333800     -0.05790800     -0.54629600      0.83482700     -0.06800500      0.01139300      0.08859000      0.99600300
      9.00000000      0.95644354     -0.04504605      0.01959264      0.28775457  -9838.14828300    -16.00292300     26.27874400      0.83362700      0.54867700     -0.06340300     -0.55220700      0.83033600     -0.07489200      0.01155400      0.09744400      0.99517400
     10.00000000      0.95424512     -0.04177569      0.01979575      0.29543038  -9835.43601700    -11.09769800     27.00993600      0.82465800      0.56217200     -0.06246400     -0.56548000      0.82195100     -0.06803200      0.01309600      0.09142500      0.99572600
     11.00000000      0.95493927     -0.04386117      0.02015783      0.29284978  -9836.19662800     -9.93317300     27.07401100      0.82766500      0.55753900     -0.06418900     -0.56107600      0.82463100     -0.07196300      0.01280900      0.09557600      0.99534000
     12.00000000      0.95652156     -0.04374993      0.02185471      0.28753220  -9848.37793700     -9.24577600     27.01086300      0.83369500      0.54814900     -0.06696800     -0.55197400      0.83082200     -0.07112800      0.01665000      0.09626300      0.99521700
     13.00000000     -1.00000000     -1.00000000     -1.00000000     -1.00000000      0.00000000      0.00000000      0.00000000      0.81874100      0.57137000     -0.05656700     -0.57399700      0.81689500     -0.05665600      0.01383700      0.07885600      0.99679000
     14.00000000      0.95910596     -0.03830312      0.01824303      0.27984994  -9863.95989200    -27.71150100     23.13153600      0.84270300      0.53541400     -0.05643200     -0.53820900      0.84043400     -0.06326300      0.01355600      0.08368400      0.99640000
     15.00000000     -1.00000000     -1.00000000     -1.00000000     -1.00000000      0.00000000      0.00000000      0.00000000      0.81874100      0.57137000     -0.05657000     -0.57399700      0.81689500     -0.05665500      0.01384000      0.07885700      0.99679000
     16.00000000      0.95898462     -0.03623650      0.01895025      0.28049329  -9869.26335000    -24.81433200     23.68548500      0.84192900      0.53660400     -0.05667400     -0.53935100      0.84002100     -0.05887000      0.01601800      0.08013100      0.99665600
     17.00000000      0.95737062     -0.03487416      0.01729059      0.28622771  -9863.17865900    -14.49151200     28.57989100      0.83554900      0.54684600     -0.05307100     -0.54925800      0.83371500     -0.05687700      0.01314300      0.07667300      0.99697000
     18.00000000      0.95656560     -0.02321508      0.00654033      0.29051771  -9853.42003000     -5.19117100     38.35586600      0.83111300      0.55549500     -0.02600100     -0.55610200      0.83012100     -0.04061300     -0.00097600      0.04821400      0.99883700
     19.00000000      0.96057001     -0.01107936      0.00553682      0.27776242  -9903.20232500    -28.78978600     28.69805900      0.84563500      0.53349800     -0.01679200     -0.53374300      0.84545100     -0.01820900      0.00448200      0.02436100      0.99969300
     20.00000000      0.96083909      0.01481466     -0.00978181      0.27653772  -9851.37335800    -30.43351100     31.47361100      0.84686200      0.53112700      0.02699100     -0.53170600      0.84661500      0.02305900     -0.01060400     -0.03387900      0.99937000
     21.00000000      0.96036399      0.03636147     -0.01694123      0.27584749  -9844.12406500    -32.77661600     32.53666400      0.84724200      0.52859600      0.05260000     -0.53106000      0.84517200      0.06049400     -0.01247900     -0.07918700      0.99678200
     22.00000000      0.95853912      0.06006197     -0.02642015      0.27730350  -9830.69118500    -23.50858100     26.77657400      0.84480900      0.52843900      0.08396000     -0.53478600      0.83899100      0.10049100     -0.01733900     -0.12979600      0.99138900
     23.00000000      0.94893651      0.06797030     -0.02759642      0.30681953  -9822.33983100     16.97936800     16.30188800      0.81020100      0.57855300      0.09408400     -0.58605600      0.80248400      0.11206500     -0.01066500     -0.14593300      0.98923700
     24.00000000     -1.00000000     -1.00000000     -1.00000000     -1.00000000      0.00000000      0.00000000      0.00000000      0.81604000      0.55603300      0.15781400     -0.57669700      0.80156100      0.15786200     -0.03872200     -0.21983200      0.97476900
     25.00000000      0.95106099      0.11252512     -0.04783684      0.28378227  -9872.95426500    -16.06004600      8.58804000      0.83435800      0.52902300      0.15485700     -0.55055400      0.81361100      0.18688600     -0.02712600     -0.24118700      0.97009900
     26.00000000     -1.00000000     -1.00000000     -1.00000000     -1.00000000      0.00000000      0.00000000      0.00000000      0.81293100      0.53840400      0.22195700     -0.57980400      0.78394500      0.22194000     -0.05450900     -0.30911300      0.94946200
     27.00000000      0.94536329      0.14973318     -0.06420971      0.28239223  -9802.11358700    -12.72814900      6.64564800      0.83226400      0.51469800      0.20597000     -0.55315500      0.79566900      0.24684000     -0.03683600     -0.31936900      0.94691400
     28.00000000      0.94199549      0.17699872     -0.08296935      0.27282270  -9737.23013700    -23.25350100     26.56783800      0.83736800      0.48462500      0.25289200     -0.54336600      0.78847900      0.28819200     -0.05973500     -0.37873600      0.92357500
     29.00000000      0.93437332      0.20428291     -0.10240366      0.27336504  -9711.33701400    -18.57852100     34.08327900      0.82957000      0.46901100      0.30305400     -0.55268900      0.76708000      0.32576600     -0.07967900     -0.43774000      0.89556400
     30.00000000      0.92771291      0.22367184     -0.11692626      0.27504144  -9787.53608600    -16.49191900     31.91626600      0.82136100      0.45801300      0.33998600     -0.56262500      0.74864600      0.35068700     -0.09391000     -0.47932600      0.87259800
     31.00000000      0.91792170      0.24781090     -0.13448015      0.27914990  -9845.33345700    -12.06965600     50.79269000      0.80798100      0.44582400      0.38523700     -0.57912700      0.72133000      0.37986200     -0.10853200     -0.53002200      0.84101000
     32.00000000      0.91472592      0.26283474     -0.14116004      0.27252234  -9858.49874900     -9.38082200     48.62444400      0.81161100      0.42436300      0.40150200     -0.57277000      0.71329900      0.40390500     -0.11498900     -0.55778200      0.82198400
     33.00000000     -1.00000000     -1.00000000     -1.00000000     -1.00000000      0.00000000      0.00000000      0.00000000      0.79417500      0.43207000      0.42732000     -0.59856400      0.67758700      0.42731300     -0.10491700     -0.59514000      0.79674400
     34.00000000     -1.00000000     -1.00000000     -1.00000000     -1.00000000      0.00000000      0.00000000      0.00000000      0.79056300      0.41161600      0.45341100     -0.60218100      0.65710100      0.45342700     -0.11129900     -0.63149900      0.76734700
     35.00000000      0.89467704      0.32197848     -0.16546250      0.26173495  -9678.45495400    -17.32721500     45.16475000      0.80823400      0.36178600      0.46461700     -0.57488700      0.65565000      0.48951900     -0.12752500     -0.66274800      0.73790400
     36.00000000     -1.00000000     -1.00000000     -1.00000000     -1.00000000      0.00000000      0.00000000      0.00000000      0.78275300      0.36722000      0.50244200     -0.60998400      0.61275200      0.50244900     -0.12336300     -0.69977500      0.70363100
     37.00000000      0.87882109      0.35752243     -0.18217587      0.25819192  -9670.90952800    -14.44636500     32.21006200      0.80029800      0.32354500      0.50481900     -0.58407300      0.61102900      0.53432400     -0.13558100     -0.72246900      0.67797900
     38.00000000      0.86745173      0.38482718     -0.19081696      0.25104653  -9668.08077400    -17.27978800     29.82109900      0.80112900      0.28867800      0.52426800     -0.58240500      0.57776700      0.57183000     -0.13783000     -0.76344600      0.63099400
     39.00000000     -1.00000000     -1.00000000     -1.00000000     -1.00000000      0.00000000      0.00000000      0.00000000      0.76961900      0.29260800      0.56750900     -0.62310800      0.53819000      0.56752800     -0.13936400     -0.79040000      0.59652800
     40.00000000      0.84424093      0.41605303     -0.21887650      0.25739128  -9703.74341700     13.97399600     41.18995900      0.77168600      0.25247200      0.58374600     -0.61672900      0.52129900      0.58982400     -0.15539200     -0.81517200      0.55798600
     41.00000000      0.84882757      0.40142752     -0.21563390      0.26804796  -9705.78863600     12.57655400     26.83921400      0.76330500      0.28193000      0.58127600     -0.62817600      0.53401200      0.56588500     -0.15086800     -0.79708600      0.58471600
     42.00000000      0.84257018      0.42287665     -0.21236421      0.25720113  -9669.90142900    -16.41150100     19.73356100      0.77749800      0.25381200      0.57539200     -0.61302800      0.51004600      0.60336600     -0.14033500     -0.82184700      0.55215400
     43.00000000      0.82366847      0.45754544     -0.22491361      0.24826676  -9670.69673300    -14.13434600     14.54294600      0.77555500      0.20316300      0.59769500     -0.61479500      0.45803200      0.64205400     -0.14332200     -0.86540900      0.48013200
     44.00000000     -1.00000000     -1.00000000     -1.00000000     -1.00000000      0.00000000      0.00000000      0.00000000      0.74459600      0.15072900      0.65027500     -0.64813800      0.39627500      0.65029500     -0.15967000     -0.90567500      0.39275800
     45.00000000      0.79267553      0.50268487     -0.24428659      0.24351042  -9596.98718700      0.65760000     -0.27044700      0.76205300      0.14045100      0.63209800     -0.63164800      0.37602100      0.67795900     -0.14246200     -0.91590500      0.37526400
     46.00000000     -1.00000000     -1.00000000     -1.00000000     -1.00000000      0.00000000      0.00000000      0.00000000      0.73375100      0.08940500      0.67351000     -0.65898900      0.33491400      0.67347300     -0.16535600     -0.93799800      0.30466000
     47.00000000      0.75996168      0.53429931     -0.27759163      0.24479655  -9462.78599700     25.58777900     17.51524000      0.72603500      0.07543800      0.68350700     -0.66870600      0.30919800      0.67618700     -0.16032900     -0.94800100      0.27493400
     48.00000000      0.74406603      0.55482173     -0.28995209      0.23337949  -9403.89442200     18.73735700     24.67032300      0.72292300      0.02555600      0.69045500     -0.66904300      0.27541300      0.69031000     -0.17251900     -0.96098600      0.21620100
     49.00000000     -1.00000000     -1.00000000     -1.00000000     -1.00000000      0.00000000      0.00000000      0.00000000      0.71692800     -0.00615500      0.69712000     -0.67581000      0.23936800      0.69712500     -0.17115900     -0.97090900      0.16745000
     50.00000000      0.71392226      0.58813021     -0.30859522      0.22178080  -9487.60047700     23.94591700     32.83323600      0.71116400     -0.04632000      0.70149800     -0.67965700      0.20983200      0.70287700     -0.17975400     -0.97664000      0.11774400
     51.00000000      0.70881591      0.59206593     -0.30982868      0.22592925  -9474.21717400     24.55880500     18.56702700      0.70592500     -0.04659300      0.70675300     -0.68716200      0.19682700      0.69933300     -0.17169300     -0.97933000      0.10692800
     52.00000000     -1.00000000     -1.00000000     -1.00000000     -1.00000000      0.00000000      0.00000000      0.00000000      0.69967600     -0.10400200      0.70685000     -0.69306300      0.14151300      0.70685000     -0.17354200     -0.98445800      0.02693300
     53.00000000     -1.00000000     -1.00000000     -1.00000000     -1.00000000      0.00000000      0.00000000      0.00000000      0.69388800     -0.13680300      0.70696800     -0.69885000      0.10871700      0.70695800     -0.17357400     -0.98461400     -0.02016700
     54.00000000     -1.00000000     -1.00000000     -1.00000000     -1.00000000      0.00000000      0.00000000      0.00000000      0.68810500     -0.16969300      0.70549000     -0.70460800      0.07597100      0.70551800     -0.17331800     -0.98256400     -0.06729100
     55.00000000     -1.00000000     -1.00000000     -1.00000000     -1.00000000      0.00000000      0.00000000      0.00000000      0.68236200     -0.20229600      0.70246600     -0.71036800      0.04327100      0.70249900     -0.17251000     -0.97836800     -0.11417800
     56.00000000      0.61245202      0.68044636     -0.36546525      0.16831635  -9549.47099400      9.80464000     71.73561800      0.67621000     -0.29118800      0.67672000     -0.70353000      0.01732500      0.71045400     -0.21859900     -0.95650900     -0.19314400
     57.00000000      0.60119651      0.69166610     -0.36491090      0.16431917  -9495.38663900      1.86136800     60.13099300      0.67967800     -0.30721700      0.66607400     -0.70236900     -0.01080600      0.71173100     -0.21145800     -0.95157800     -0.22312400
     58.00000000      0.58746581      0.70255961     -0.36642158      0.16440420  -9462.79363800      0.17082100     46.81815500      0.67741300     -0.32170200      0.66152800     -0.70803000     -0.04123700      0.70497700     -0.19951300     -0.94594200     -0.25571000
     59.00000000      0.57373195      0.71277188     -0.36760675      0.16629198  -9425.95863200      2.72731300     35.46148100      0.67442400     -0.33322500      0.65887200     -0.71485400     -0.07139400      0.69562000     -0.18475900     -0.94014000     -0.28635700
     60.00000000      0.55442926      0.72403557     -0.37522466      0.16609474  -9425.08773700     10.01956800     33.97928200      0.66323800     -0.35917600      0.65658800     -0.72752800     -0.10363000      0.67820700     -0.17555400     -0.92749900     -0.33004200
     61.00000000      0.53377807      0.74236985     -0.37475121      0.15339456  -9375.91351800     -4.78632000     32.10311700      0.67206400     -0.39265100      0.62781900     -0.72016500     -0.14928600      0.67755200     -0.17231700     -0.90749100     -0.38310200
     62.00000000      0.51324259      0.75537573     -0.37799665      0.15201375  -9366.91295800     -3.29306300     18.80224000      0.66802100     -0.41501900      0.61766300     -0.72709900     -0.18740100      0.66046100     -0.15835300     -0.89030300     -0.42694800
     63.00000000      0.49502444      0.76486829     -0.38428642      0.14916849  -9368.13110000      0.92550700     13.22885400      0.66014500     -0.44017300      0.60865100     -0.73554100     -0.21455000      0.64261000     -0.15227400     -0.87190400     -0.46539900
     64.00000000      0.48361222      0.77158927     -0.38517578      0.14969525  -9349.11502500     -2.75179100      7.49833200      0.65846200     -0.44960600      0.60355800     -0.73918400     -0.23551700      0.63098200     -0.14154500     -0.86161800     -0.48742100
     65.00000000      0.47292716      0.77713818     -0.38534396      0.15461568  -9368.98344000      3.67557900     -0.69303800      0.65520800     -0.45268700      0.60479500     -0.74517500     -0.25570000      0.61589900     -0.12416400     -0.85422000     -0.50486700
     66.00000000      0.44987453      0.78156014     -0.40313181      0.15576057  -9549.81984300     23.72029300     -4.28686900      0.62644700     -0.48999800      0.60619000     -0.77028900     -0.27019500      0.57762400     -0.11924500     -0.82879200     -0.54670300
     67.00000000     -1.00000000     -1.00000000     -1.00000000     -1.00000000      0.00000000      0.00000000      0.00000000      0.61920800     -0.56039300      0.55003800     -0.77353100     -0.31487500      0.55000400     -0.13502500     -0.76603800     -0.62845400
     68.00000000      0.39700117      0.82158825     -0.39320913      0.11300247  -9216.90314500    -21.07721700     19.89551300      0.66523400     -0.55638800      0.49789200     -0.73583600     -0.37555400      0.56347600     -0.12652600     -0.74121000     -0.65924100
     69.00000000     -1.00000000     -1.00000000     -1.00000000     -1.00000000      0.00000000      0.00000000      0.00000000      0.61057100     -0.60939900      0.50580200     -0.78216900     -0.36389000      0.50576200     -0.12415400     -0.70442700     -0.69883400
     70.00000000     -1.00000000     -1.00000000     -1.00000000     -1.00000000      0.00000000      0.00000000      0.00000000      0.60652800     -0.63232000      0.48197100     -0.78620800     -0.38678600      0.48194700     -0.11832500     -0.67124400     -0.73173200
     71.00000000     -1.00000000     -1.00000000     -1.00000000     -1.00000000      0.00000000      0.00000000      0.00000000      0.60269800     -0.65410100      0.45706400     -0.79002300     -0.40848200      0.45717200     -0.11233400     -0.63662700     -0.76294600
     72.00000000      0.31198817      0.83985877     -0.43321063      0.09812781  -9132.27832800     25.00129300     23.30165700      0.60539900     -0.66644200      0.43514000     -0.78890100     -0.42998400      0.43903200     -0.10548600     -0.60907200     -0.78606800
     73.00000000      0.28930138      0.84942907     -0.43199369      0.09031390  -9137.92250200     13.88234800     22.29494600      0.61045000     -0.68164000      0.40338300     -0.78615200     -0.45937300      0.41345200     -0.09652200     -0.56951200     -0.81629600
     74.00000000      0.26416328      0.85859114     -0.43176459      0.08135188  -9145.00785000      2.31871900     19.34296300      0.61392200     -0.69843800      0.36780900     -0.78439900     -0.48759400      0.38336700     -0.08841700     -0.52386600     -0.84719900
     75.00000000      0.24409817      0.86220024     -0.43823521      0.07054539  -9162.80231600      9.08550200     28.94056400      0.60594600     -0.72125300      0.33559300     -0.79013300     -0.49673200      0.35909200     -0.09229600     -0.48275400     -0.87087900
     76.00000000      0.22331582      0.86615111     -0.44221094      0.06604390  -9208.27081600     11.15618300     25.92787800      0.60017500     -0.73654600      0.31191300     -0.79554000     -0.50915900      0.32844000     -0.08309700     -0.44526100     -0.89153700
     77.00000000      0.20452881      0.87073676     -0.44331194      0.05882145  -9098.94022000      5.42162800     29.87076700      0.60002900     -0.74795500      0.28377600     -0.79607700     -0.52328500      0.30402900     -0.07890400     -0.40833400     -0.90941600
     78.00000000      0.18277044      0.87835044     -0.43897570      0.04894772  -9086.46590200     -4.51553500     30.37254900      0.60980900     -0.75325700      0.24645000     -0.78904100     -0.54779100      0.27809900     -0.07447700     -0.36404700     -0.92839800
     79.00000000      0.15938137      0.88317255     -0.43920919      0.04122156  -9122.51863600      1.25869000     36.01831100      0.61079200     -0.76265500      0.21281500     -0.78893500     -0.56338600      0.24531300     -0.06719200     -0.31773200     -0.94579700
     80.00000000      0.13001993      0.88215319     -0.45143803      0.03322921  -9167.17361100     14.61682500     47.96300400      0.59019900     -0.78783400      0.17601800     -0.80511600     -0.55859700      0.19939300     -0.05876500     -0.25939700     -0.96398100
     81.00000000      0.10600525      0.88230536     -0.45751280      0.03133892  -9127.27720500     18.83182900     41.26459100      0.57940000     -0.80068800      0.15229900     -0.81397600     -0.55889000      0.15838200     -0.04169700     -0.21573400     -0.97556100
     82.00000000      0.08807926      0.88418663     -0.45764772      0.03185216  -9061.15349100     16.91240600     27.20361100      0.57908800     -0.80368100      0.13694500     -0.81490300     -0.56560100      0.12660300     -0.02429200     -0.18491100     -0.98245500
     83.00000000      0.06412202      0.88610355     -0.45857310      0.02048152  -9091.38692900     19.76461000     35.92945700      0.57858200     -0.81006000      0.09510700     -0.81531300     -0.57119800      0.09485300     -0.02251200     -0.13242200     -0.99093800
     84.00000000      0.04422485      0.88808094     -0.45710699      0.02023971  -9041.60912500     16.00421600     25.60901500      0.58128700     -0.81010600      0.07638000     -0.81368600     -0.57819500      0.06004700     -0.00448200     -0.09705400     -0.99526900
     85.00000000      0.02016970      0.88992415     -0.45553826      0.01063911  -9043.98216100     11.44158100     15.96387900      0.58474400     -0.81036000      0.03731200     -0.81121800     -0.58415600      0.02620600      0.00056000     -0.04559200     -0.99896000
     86.00000000     -0.00314305      0.89021767     -0.45552174      0.00156563  -9047.71338000     10.39371200     19.95084000      0.58499500     -0.81103700     -0.00007600     -0.81101700     -0.58498000     -0.00702200      0.00565100      0.00417000     -0.99997500
     87.00000000     -0.02920468      0.89021683     -0.45458504      0.00367551  -9027.83698700      9.09075900     14.69172000      0.58667800     -0.80957300     -0.02000800     -0.80914400     -0.58499900     -0.05533900      0.03309600      0.04865500     -0.99826700
     88.00000000     -0.04479160      0.89039022     -0.45298875      0.00016510  -9039.63050000     11.35087900     13.09489700      0.58960200     -0.80668800     -0.04028600     -0.80665900     -0.58559000     -0.07991400      0.04087400      0.07961400     -0.99598700
     89.00000000     -0.06744541      0.88797368     -0.45488482     -0.00578508  -9018.34857400     10.44335800      7.50587900      0.58609200     -0.80707100     -0.07163400     -0.80863200     -0.57706200     -0.11451600      0.05108600      0.12504300     -0.99083500
     90.00000000     -0.08113167      0.89110704     -0.44645675     -0.00473035  -8956.89666100      0.82137400     -3.65477200      0.60130800     -0.79491400     -0.08087400     -0.79644900     -0.58818800     -0.14037000      0.06401300      0.14881800     -0.98679100
     91.00000000     -0.10686037      0.88526973     -0.45219184     -0.02002412  -8960.08528100      9.28074300      3.49511100      0.59024300     -0.79634400     -0.13209600     -0.80490300     -0.56820700     -0.17109100      0.06118900      0.20731000     -0.97636000
     92.00000000     -0.12589575      0.88327841     -0.45084171     -0.02666826  -8932.43651200      6.67836500      5.92746900      0.59206100     -0.78972300     -0.16062900     -0.80315200     -0.56178400     -0.19835600      0.06640700      0.24644800     -0.96687800
     93.00000000     -0.13927843      0.88375675     -0.44629447     -0.01991809  -8906.07263500     -3.85478300    -10.95518400      0.60084900     -0.78328300     -0.15952400     -0.79438000     -0.56284500     -0.22839800      0.08911300      0.26395500     -0.96041000
     94.00000000     -1.00000000     -1.00000000     -1.00000000     -1.00000000      0.00000000      0.00000000      0.00000000      0.58236900     -0.76934700     -0.26258700     -0.81036100     -0.52377700     -0.26262700      0.06451400      0.36573600     -0.92848000
     95.00000000     -0.19871701      0.86873414     -0.44969109     -0.05991937  -8738.36651500     31.45210700     28.82717500      0.58837500     -0.75751000     -0.28283100     -0.80513800     -0.51657900     -0.29137400      0.07461500      0.39915500     -0.91384200
     96.00000000     -1.00000000     -1.00000000     -1.00000000     -1.00000000      0.00000000      0.00000000      0.00000000      0.58716700     -0.74215500     -0.32317400     -0.80556200     -0.49658100     -0.32322800      0.07940300      0.45012500     -0.88942800
     97.00000000     -0.24631149      0.86094948     -0.43875571     -0.07476658  -8750.79189700     33.35283600     36.42746500      0.60380700     -0.71866100     -0.34488200     -0.79232500     -0.49364800     -0.35851500      0.08740100      0.48973200     -0.86748100
     98.00000000     -0.26621313      0.85421499     -0.43882132     -0.08296272  -8724.05773900     32.89365800     38.76825100      0.60110600     -0.70552400     -0.37537600     -0.79386700     -0.47313200     -0.38199500      0.09190400      0.52761800     -0.84449500
     99.00000000     -0.28165764      0.85583512     -0.42682258     -0.07770334  -8699.26330200     11.95729700     24.35545200      0.62357000     -0.68680800     -0.37343800     -0.77435100     -0.47698300     -0.41577400      0.10743300      0.54843600     -0.82926200
    100.00000000     -1.00000000     -1.00000000     -1.00000000     -1.00000000      0.00000000      0.00000000      0.00000000      0.59961900     -0.67157200     -0.43525700     -0.79313300     -0.42612700     -0.43515100      0.10676000      0.60614100     -0.78816000
    101.00000000     -0.32554846      0.83580874     -0.43128348     -0.09714364  -8672.00167500     28.80269200     28.66302900      0.60911600     -0.65769100     -0.44319400     -0.78419100     -0.41602600     -0.46040000      0.11842000      0.62798500     -0.76916300
    102.00000000     -0.34932078      0.82705502     -0.42683920     -0.10845742  -8677.85755100     34.16905000     39.87879400      0.61209000     -0.63026600     -0.47760800     -0.78181200     -0.39156600     -0.48522700      0.11880700      0.67040300     -0.73242400
    103.00000000     -0.37321798      0.81949161     -0.41836365     -0.11880201  -8655.91742900     34.94503800     46.50543400      0.62171600     -0.59701300     -0.50699600     -0.77436900     -0.37136100     -0.51229300      0.11756700      0.71110300     -0.69318900
    104.00000000     -0.39289041      0.81146611     -0.41555340     -0.12031371  -8619.94699700     30.23672200     38.13442100      0.62568000     -0.57987500     -0.52179500     -0.76895500     -0.34590500     -0.53764100      0.13127300      0.73762800     -0.66232400
    105.00000000     -0.41059506      0.80428695     -0.41143183     -0.12352246  -8608.91483800     25.86587600     33.18226200      0.63093200     -0.56038300     -0.53655900     -0.76325400     -0.32427100     -0.55883000      0.13916900      0.76211500     -0.63230700
    106.00000000     -0.44248883      0.79065669     -0.39764983     -0.14470819  -8615.20781900     21.26880100     60.47680200      0.64186800     -0.50074500     -0.58074000     -0.75687300     -0.29215700     -0.58462700      0.12308200      0.81480000     -0.56652700
    107.00000000     -0.46668865      0.78642689     -0.37896562     -0.14184408  -8636.34466800      2.03345200     56.36144200      0.67253100     -0.46366400     -0.57681800     -0.72845100     -0.27717400     -0.62652500      0.13061800      0.84154100     -0.52416400
    108.00000000     -0.47898271      0.77771074     -0.37966494     -0.14695567  -8675.35635000     11.59284200     50.02347100      0.66851700     -0.44976000     -0.59228400     -0.73131800     -0.25286000     -0.63343200      0.13512800      0.85660800     -0.49795900
    109.00000000     -0.49585651      0.76791520     -0.37830349     -0.14601091  -8612.49649600      5.95443400     47.48928500      0.67113500     -0.43620900     -0.59941600     -0.72581100     -0.22202600     -0.65107900      0.15092000      0.87202400     -0.46561400
    110.00000000     -0.51811586      0.75581165     -0.37063698     -0.15143654  -8607.59419200      4.19224300     47.54110700      0.67939100     -0.40334000     -0.61298100     -0.71718700     -0.18836800     -0.67094000      0.15515100      0.89545200     -0.41724600
    111.00000000     -0.53441899      0.74038537     -0.37363448     -0.16316604  -8643.94237200     19.73668800     43.83333800      0.66754800     -0.37886900     -0.64096600     -0.72766500     -0.14958700     -0.66942300      0.15774300      0.91328100     -0.37554700
    112.00000000     -1.00000000     -1.00000000     -1.00000000     -1.00000000      0.00000000      0.00000000      0.00000000      0.65510200     -0.35670500     -0.66603500     -0.73760800     -0.11102300     -0.66603900      0.16363400      0.92759700     -0.33584000
    113.00000000     -0.57237370      0.71193785     -0.36439241     -0.18097226  -8542.21898000     36.31273700     57.63846000      0.66893400     -0.31168200     -0.67482000     -0.72601700     -0.07921300     -0.68309900      0.15945600      0.94687900     -0.27927500
    114.00000000     -0.58429640      0.70863478     -0.35230807     -0.17976009  -8544.54129400     15.97728700     55.63013100      0.68713100     -0.28924900     -0.66647300     -0.70938200     -0.06895400     -0.70144400      0.15693600      0.95476700     -0.25256800
    115.00000000     -0.59624232      0.69633056     -0.35463868     -0.18398446  -8539.75968100     17.94067200     47.61432000      0.68076200     -0.27449300     -0.67912900     -0.71329000     -0.03745300     -0.69986700      0.16667300      0.96086000     -0.22129000
    116.00000000     -0.61486984      0.68458473     -0.34836119     -0.17867073  -8550.69514900     16.90853700     38.09242700      0.69344200     -0.25724700     -0.67302400     -0.69668400     -0.00115900     -0.71737700      0.18376300      0.96634500     -0.18002400
    117.00000000     -0.62813266      0.67808407     -0.34041465     -0.17253871  -8556.03172500      9.74583200     31.21117400      0.70869700     -0.24490500     -0.66164200     -0.67841400      0.02086500     -0.73438400      0.19365900      0.96932300     -0.15136000
    118.00000000     -0.64408506      0.66243773     -0.33697884     -0.18104117  -8554.31688900     15.42603300     27.76529000      0.70733800     -0.21324300     -0.67394300     -0.67966700      0.05680000     -0.73131800      0.19422900      0.97534700     -0.10475700
    119.00000000      0.66637189     -0.64489140      0.32244307      0.18998400  -8498.85491800      9.06533100     30.34138700      0.71987300     -0.16268100     -0.67477200     -0.66908100      0.09604200     -0.73695700      0.18469600      0.98199300     -0.03970900
    120.00000000      0.68700309     -0.62480141      0.30985086      0.20406422  -8402.38789500     13.48105900     54.38107200      0.72470000     -0.10680500     -0.68073600     -0.66757600      0.13596200     -0.73202200      0.17073800      0.98494000      0.02723100
    121.00000000      0.70386007     -0.59880865      0.31021613      0.22310294  -8366.89690400     48.08423300     55.00942400      0.70798200     -0.05745400     -0.70388900     -0.68558700      0.18330600     -0.70453500      0.16950600      0.98137500      0.09038800
    122.00000000      0.71857654     -0.58331886      0.30342975      0.22653258  -8357.64387400     49.59657600     53.95709300      0.71322700     -0.02843100     -0.70035700     -0.67955500      0.21684400     -0.70084500      0.17179300      0.97579200      0.13533800
    123.00000000      0.73514182     -0.57283505      0.28611656      0.22262983  -8384.90081600     15.85375400     60.87979600      0.73714700     -0.00046600     -0.67573300     -0.65512400      0.24459200     -0.71483400      0.16561200      0.96962600      0.17999500
    124.00000000      0.74351631     -0.56130275      0.28700514      0.22304924  -8451.22288600     17.87045300     43.52542700      0.73575400      0.00948800     -0.67718200     -0.65387500      0.27037700     -0.70664300      0.17639000      0.96270800      0.20513500
    125.00000000      0.75340427     -0.54658470      0.28367738      0.23055119  -8375.73569600     39.11876700     36.86757400      0.73274600      0.03728900     -0.67947900     -0.65750400      0.29618200     -0.69279400      0.17541600      0.95440300      0.24154400
    126.00000000      0.77620165     -0.51647082      0.26319900      0.24798195  -8316.45461800     49.07677100     63.92574000      0.73846200      0.11309900     -0.66474200     -0.65683700      0.34352600     -0.67123400      0.15244000      0.93230800      0.32796800
    127.00000000      0.79030848     -0.49899028      0.25086027      0.25197249  -8386.59585500     39.50309700     75.88499800      0.74715800      0.14791800     -0.64797800     -0.64862600      0.37503700     -0.66229300      0.14505000      0.91513200      0.37615500
    128.00000000      0.80151762     -0.48298408      0.24327101      0.25517655  -8374.98834300     39.32134800     73.33946200      0.75140800      0.17406500     -0.63646400     -0.64404900      0.40322300     -0.65008600      0.14348000      0.89839500      0.41509100
    129.00000000      0.81422110     -0.46374965      0.23442619      0.25889098  -8332.52281700     44.37657100     69.45221500      0.75604000      0.20415900     -0.62187100     -0.63901900      0.43582300     -0.63380800      0.14162800      0.87657100      0.45996100
    130.00000000      0.82451061     -0.45426826      0.22712170      0.24947617  -8309.04952800     37.99790300     61.84177500      0.77235500      0.20504300     -0.60118700     -0.61774000      0.46280400     -0.63577500      0.14787000      0.86242100      0.48411200
    131.00000000      0.83086311     -0.44636234      0.22038017      0.24871546  -8255.01729000     31.83964700     59.22249100      0.77914600      0.21655800     -0.58824600     -0.61003600      0.47780200     -0.63210800      0.14417700      0.85135600      0.50438600
    132.00000000      0.84651610     -0.41672805      0.20971781      0.25645023  -8223.19828800     33.10929600     57.40894900      0.78050300      0.25938800     -0.56879900     -0.60896900      0.52114200     -0.59797000      0.14131900      0.81309800      0.56471300
    133.00000000     -1.00000000     -1.00000000     -1.00000000     -1.00000000      0.00000000      0.00000000      0.00000000      0.77031700      0.29672400     -0.56441700     -0.62242700      0.54221000     -0.56444000      0.13855000      0.78610600      0.60236300
    134.00000000      0.87131065     -0.37380698      0.18367358      0.25951881  -8175.48110100     34.82099500     66.89741600      0.79782800      0.31492600     -0.51409400     -0.58956000      0.58583600     -0.55607000      0.12605300      0.74673800      0.65306500
    135.00000000      0.87589197     -0.36005953      0.17728499      0.26784467  -8158.37824600     37.26889100     68.98627100      0.79365900      0.34154000     -0.50344500     -0.59687200      0.59723300     -0.53577700      0.11768500      0.72571600      0.67785500
    136.00000000      0.88939179     -0.33491371      0.16552604      0.26346994  -8099.79148100     36.97841000     68.06328400      0.80637000      0.35778200     -0.47091400     -0.57953000      0.63683300     -0.50851700      0.11795600      0.68296100      0.72086800
    137.00000000      0.89462492     -0.32366693      0.15610788      0.26554928  -8144.52237200     32.48486000     65.87388100      0.81022800      0.37408000     -0.45121500     -0.57618800      0.64944700     -0.49621200      0.10741700      0.66203000      0.74174000
    138.00000000      0.89176749     -0.32868377      0.16098675      0.26608477  -8235.61779300     42.16520900     53.01977200      0.80656400      0.36874400     -0.46204100     -0.58039900      0.64233200     -0.50054700      0.11221000      0.67189100      0.73210100
    139.00000000      0.89084482     -0.33016889      0.16172766      0.26688571  -8252.16284700     42.85857200     46.18044900      0.80523200      0.36871300     -0.46438300     -0.58230200      0.63952100     -0.50193300      0.11191400      0.67458400      0.72966500
    140.00000000      0.89349692     -0.32011442      0.15887911      0.27193211  -8174.28946400     43.17800700     43.32495000      0.80162000      0.38422200     -0.45801500     -0.58766000      0.64715900     -0.48563400      0.10981700      0.65845100      0.74456800
    141.00000000     -1.00000000     -1.00000000     -1.00000000     -1.00000000      0.00000000      0.00000000      0.00000000      0.80118900      0.47187400     -0.36800900     -0.59155500      0.71735900     -0.36804700      0.09032300      0.51257300      0.85388000
    142.00000000      0.92534061     -0.22244377      0.11788740      0.28348939  -8072.43681900     56.80647300     40.04716800      0.81147300      0.47220200     -0.34429300     -0.57709500      0.74030500     -0.34483300      0.09205100      0.47851200      0.87324300
    143.00000000      0.93208610     -0.20612152      0.10213032      0.27981937  -7997.73379200     52.46919600     57.99764500      0.82254100      0.47952900     -0.30574200     -0.56373400      0.75843000     -0.32709000      0.07503500      0.44140200      0.89416700
    144.00000000      0.93639014     -0.18210679      0.09162394      0.28568407  -7999.47857900     58.16448300     60.62497700      0.81997900      0.50165300     -0.27564200     -0.56839400      0.77044300     -0.28869500      0.06754100      0.39339700      0.91688400
    145.00000000      0.94198209     -0.15763968      0.07784755      0.28593564  -7980.87036800     53.37237300     62.66179500      0.82436100      0.51414900     -0.23681200     -0.56323600      0.78678100     -0.25246900      0.05651200      0.34150600      0.93817900
    146.00000000      0.94568560     -0.13727104      0.06465653      0.28749777  -7967.40181500     59.68631400     68.32560500      0.82632900      0.52601400     -0.20122000     -0.56151600      0.79700400     -0.22245300      0.04335900      0.29680800      0.95395200
