0.818740 0.571372 -0.056566 -10024.307320 -0.573998 0.816894 -0.056656 -0.724817 0.013837 0.078856 0.996790 -0.430035 
-1
0.818739 0.571373 -0.056568 -10024.307321 -0.574000 0.816893 -0.056656 -0.707323 0.013838 0.078857 0.996790 -0.447531 
0.837106 0.543699 -0.060374 -9862.310608 -0.546679 0.835453 -0.056213 -27.158516 0.019876 0.080061 0.996592 21.955887 
0.818741 0.571370 -0.056568 -10024.307318 -0.573997 0.816895 -0.056656 -0.742312 0.013838 0.078856 0.996790 -0.445781 
0.836442 0.544669 -0.060828 -9862.347604 -0.547714 0.834671 -0.057742 -26.109437 0.019321 0.081615 0.996477 22.821030 
0.818739 0.571373 -0.056572 -10024.307418 -0.574000 0.816893 -0.056656 -0.707323 0.013841 0.078859 0.996790 -0.496021 
0.831813 0.550743 -0.069055 -9885.655852 -0.554685 0.829345 -0.067164 -25.189890 0.020281 0.094172 0.995349 21.854004 
0.818740 0.571372 -0.056568 -10024.307319 -0.573998 0.816894 -0.056656 -0.724817 0.013838 0.078857 0.996790 -0.447531 
0.836911 0.542975 -0.068979 -9881.173572 -0.546693 0.835379 -0.057171 -29.025470 0.026581 0.085558 0.995979 20.471773 
0.818739 0.571373 -0.056568 -10024.307321 -0.574000 0.816893 -0.056656 -0.707323 0.013838 0.078857 0.996790 -0.447531 
0.834313 0.547500 -0.064539 -9879.064836 -0.550845 0.832612 -0.057677 -28.634037 0.022158 0.083672 0.996247 21.794403 
0.818749 0.571359 -0.056567 -10024.307321 -0.573985 0.816903 -0.056657 -0.707323 0.013838 0.078857 0.996790 -0.447531 
0.831740 0.551627 -0.062579 -9868.654871 -0.554941 0.829310 -0.065460 -25.256163 0.015788 0.089174 0.995891 22.816327 
0.818739 0.571373 -0.056568 -10024.307321 -0.574000 0.816893 -0.056656 -0.707323 0.013838 0.078857 0.996790 -0.447531 
0.837514 0.543338 -0.057908 -9841.524679 -0.546296 0.834827 -0.068005 -24.949288 0.011393 0.088590 0.996003 26.141531 
0.818740 0.571372 -0.056568 -10024.307319 -0.573998 0.816894 -0.056656 -0.724817 0.013838 0.078857 0.996790 -0.449280 
0.833627 0.548677 -0.063403 -9838.148283 -0.552207 0.830336 -0.074892 -16.002923 0.011554 0.097444 0.995174 26.278744 
0.818740 0.571372 -0.056568 -10024.307320 -0.573998 0.816894 -0.056656 -0.724817 0.013838 0.078856 0.996790 -0.445781 
0.824658 0.562172 -0.062464 -9835.436017 -0.565480 0.821951 -0.068032 -11.097698 0.013096 0.091425 0.995726 27.009936 
0.818740 0.571372 -0.056568 -10024.307319 -0.573998 0.816894 -0.056656 -0.724817 0.013838 0.078857 0.996790 -0.449280 
0.827665 0.557539 -0.064189 -9836.196628 -0.561076 0.824631 -0.071963 -9.933173 0.012809 0.095576 0.995340 27.074011 
0.818739 0.571373 -0.056568 -10024.307321 -0.574000 0.816893 -0.056656 -0.707323 0.013838 0.078857 0.996790 -0.447531 
0.833695 0.548149 -0.066968 -9848.377937 -0.551974 0.830822 -0.071128 -9.245776 0.016650 0.096263 0.995217 27.010863 
0.818741 0.571370 -0.056567 -10024.307319 -0.573997 0.816895 -0.056656 -0.742312 0.013837 0.078856 0.996790 -0.437033 
-6
0.818739 0.571373 -0.056568 -10024.307321 -0.574000 0.816893 -0.056656 -0.707323 0.013838 0.078857 0.996790 -0.447531 
0.842703 0.535414 -0.056432 -9863.959892 -0.538209 0.840434 -0.063263 -27.711501 0.013556 0.083684 0.996400 23.131536 
0.818741 0.571370 -0.056570 -10024.307318 -0.573997 0.816895 -0.056655 -0.742312 0.013840 0.078857 0.996790 -0.454529 
-6
0.818758 0.571653 -0.053366 -10022.334706 -0.573989 0.817121 -0.053389 -0.406830 0.013087 0.074344 0.997147 -0.652540 
0.841929 0.536604 -0.056674 -9869.263350 -0.539351 0.840021 -0.058870 -24.814332 0.016018 0.080131 0.996656 23.685485 
0.818863 0.572337 -0.043523 -10018.383830 -0.573891 0.817769 -0.043632 -0.126714 0.010619 0.060706 0.998099 0.424414 
0.835549 0.546846 -0.053071 -9863.178659 -0.549258 0.833715 -0.056877 -14.491512 0.013143 0.076673 0.996970 28.579891 
0.819020 0.573126 -0.027060 -10010.405996 -0.573727 0.818598 -0.027104 -0.158111 0.006617 0.037724 0.999266 -0.137359 
0.831113 0.555495 -0.026001 -9853.420030 -0.556102 0.830121 -0.040613 -5.191171 -0.000976 0.048214 0.998837 38.355866 
0.819108 0.573626 -0.003890 -10000.471956 -0.573638 0.819099 -0.003903 0.130226 0.000947 0.005428 0.999985 0.089435 
0.845635 0.533498 -0.016792 -9903.202325 -0.533743 0.845451 -0.018209 -28.789786 0.004482 0.024361 0.999693 28.698059 
0.819028 0.573167 0.025952 -9986.669494 -0.573718 0.818642 0.025947 0.403732 -0.006373 -0.036140 0.999326 0.643158 
0.846862 0.531127 0.026991 -9851.373358 -0.531706 0.846615 0.023059 -30.433511 -0.010604 -0.033879 0.999370 31.473611 
0.818701 0.571166 0.059143 -9971.884656 -0.574035 0.816696 0.059080 0.994319 -0.014557 -0.082319 0.996500 0.761808 
0.847242 0.528596 0.052600 -9844.124065 -0.531060 0.845172 0.060494 -32.776616 -0.012479 -0.079187 0.996782 32.536664 
0.818096 0.567635 0.092248 -9957.205411 -0.574636 0.813192 0.092259 1.292679 -0.022646 -0.128486 0.991453 0.990162 
0.844809 0.528439 0.083960 -9830.691185 -0.534786 0.838991 0.100491 -23.508581 -0.017339 -0.129796 0.991389 26.776574 
0.817226 0.562563 0.125162 -9941.558514 -0.575499 0.808160 0.125215 1.312961 -0.030710 -0.174360 0.984203 1.329959 
0.810201 0.578553 0.094084 -9822.339831 -0.586056 0.802484 0.112065 16.979368 -0.010665 -0.145933 0.989237 16.301888 
0.816040 0.556033 0.157814 -9927.065631 -0.576697 0.801561 0.157862 2.234566 -0.038722 -0.219832 0.974769 1.728060 
-6
0.814621 0.547955 0.190101 -9911.593843 -0.578114 0.793497 0.190123 2.789249 -0.046665 -0.264778 0.963180 1.828837 
0.834358 0.529023 0.154857 -9872.954265 -0.550554 0.813611 0.186886 -16.060046 -0.027126 -0.241187 0.970099 8.588040 
0.812931 0.538404 0.221957 -9897.109380 -0.579804 0.783945 0.221940 3.461615 -0.054509 -0.309113 0.949462 2.045588 
-6
0.810989 0.527401 0.253269 -9881.743818 -0.581747 0.772933 0.253268 3.819211 -0.062186 -0.352736 0.933654 2.397266 
0.832264 0.514698 0.205970 -9802.113587 -0.553155 0.795669 0.246840 -12.728149 -0.036836 -0.319369 0.946914 6.645648 
0.808789 0.514914 0.284120 -9866.477172 -0.583947 0.760448 0.284121 4.322341 -0.069761 -0.395705 0.915724 2.844189 
0.837368 0.484625 0.252892 -9737.230137 -0.543366 0.788479 0.288192 -23.253501 -0.059735 -0.378736 0.923575 26.567838 
0.806339 0.501019 0.314320 -9852.196505 -0.586395 0.746563 0.314300 5.005870 -0.077189 -0.437748 0.895778 3.190883 
0.829570 0.469011 0.303054 -9711.337014 -0.552689 0.767080 0.325766 -18.578521 -0.079679 -0.437740 0.895564 34.083279 
0.803641 0.485791 0.343757 -9837.116539 -0.589101 0.731292 0.343762 5.558855 -0.084390 -0.478769 0.873875 3.354291 
0.821361 0.458013 0.339986 -9787.536086 -0.562625 0.748646 0.350687 -16.491919 -0.093910 -0.479326 0.872598 31.916266 
0.800722 0.469193 0.372428 -9821.959534 -0.592015 0.714719 0.372417 5.863813 -0.091446 -0.518685 0.850061 3.573871 
0.807981 0.445824 0.385237 -9845.333457 -0.579127 0.721330 0.379862 -12.069656 -0.108532 -0.530022 0.841010 50.792690 
0.797549 0.451277 0.400331 -9806.882447 -0.595195 0.696765 0.400326 6.678780 -0.098279 -0.557555 0.824302 3.805378 
0.811611 0.424363 0.401502 -9858.498749 -0.572770 0.713299 0.403905 -9.380822 -0.114989 -0.557782 0.821984 48.624444 
0.794175 0.432070 0.427320 -9791.911440 -0.598564 0.677587 0.427313 7.119488 -0.104917 -0.595140 0.796744 4.116598 
-6
0.790563 0.411616 0.453411 -9776.946208 -0.602181 0.657101 0.453427 7.521250 -0.111299 -0.631499 0.767347 4.530327 
-6
0.786754 0.389975 0.478474 -9762.082122 -0.605986 0.635480 0.478482 8.091632 -0.117465 -0.666397 0.736286 4.789071 
0.808234 0.361786 0.464617 -9678.454954 -0.574887 0.655650 0.489519 -17.327215 -0.127525 -0.662748 0.737904 45.164750 
0.782753 0.367220 0.502442 -9747.208190 -0.609984 0.612752 0.502449 8.541115 -0.123363 -0.699775 0.703631 5.180595 
-6
0.778543 0.343368 0.525328 -9731.452571 -0.614200 0.588863 0.525356 8.973369 -0.128955 -0.731669 0.669351 5.294404 
0.800298 0.323545 0.504819 -9670.909528 -0.584073 0.611029 0.534324 -14.446365 -0.135581 -0.722469 0.677979 32.210062 
0.774135 0.318637 0.546979 -9716.688796 -0.618625 0.564039 0.546959 9.531733 -0.134236 -0.761794 0.633759 5.627966 
0.801129 0.288678 0.524268 -9668.080774 -0.582405 0.577767 0.571830 -17.279788 -0.137830 -0.763446 0.630994 29.821099 
0.769619 0.292608 0.567509 -9702.014007 -0.623108 0.538190 0.567528 9.987669 -0.139364 -0.790400 0.596528 6.034322 
-6
0.764897 0.265906 0.586709 -9686.362480 -0.627832 0.511481 0.586697 10.387511 -0.144085 -0.817117 0.558175 6.345187 
0.771686 0.252472 0.583746 -9703.743417 -0.616729 0.521299 0.589824 13.973996 -0.155392 -0.815172 0.557986 41.189959 
0.760012 0.238292 0.604648 -9671.785301 -0.632722 0.483840 0.604617 11.020771 -0.148478 -0.842090 0.518497 6.642428 
0.763305 0.281930 0.581276 -9705.788636 -0.628176 0.534012 0.565885 12.576554 -0.150868 -0.797086 0.584716 26.839214 
0.754996 0.209785 0.621266 -9657.117358 -0.637738 0.455333 0.621259 11.587275 -0.152552 -0.865253 0.477562 7.050244 
0.777498 0.253812 0.575392 -9669.901429 -0.613028 0.510046 0.603366 -16.411501 -0.140335 -0.821847 0.552154 19.733561 
0.749854 0.180691 0.636451 -9641.576949 -0.642881 0.426232 0.636420 11.915370 -0.156280 -0.886384 0.435774 7.345669 
0.775555 0.203163 0.597695 -9670.696733 -0.614795 0.458032 0.642054 -14.134346 -0.143322 -0.865409 0.480132 14.542946 
0.744596 0.150729 0.650275 -9627.109348 -0.648138 0.396275 0.650295 12.487866 -0.159670 -0.905675 0.392758 7.599689 
-6
0.739237 0.120318 0.662610 -9611.552912 -0.653500 0.365848 0.662642 12.894106 -0.162687 -0.922865 0.349076 7.784787 
0.762053 0.140451 0.632098 -9596.987187 -0.631648 0.376021 0.677959 0.657600 -0.142462 -0.915905 0.375264 -0.270447 
0.733751 0.089405 0.673510 -9597.089989 -0.658989 0.334914 0.673473 13.594865 -0.165356 -0.937998 0.304660 7.997779 
-6
0.728216 0.057886 0.682899 -9581.640116 -0.664520 0.303421 0.682897 13.959096 -0.167676 -0.951097 0.259423 8.522859 
0.726035 0.075438 0.683507 -9462.785997 -0.668706 0.309198 0.676187 25.587779 -0.160329 -0.948001 0.274934 17.515240 
0.722603 0.026005 0.690774 -9567.173123 -0.670131 0.271552 0.690785 14.502118 -0.169617 -0.962072 0.213651 8.915018 
0.722923 0.025556 0.690455 -9403.894422 -0.669043 0.275413 0.690310 18.737357 -0.172519 -0.960986 0.216201 24.670323 
0.716928 -0.006155 0.697120 -9551.813425 -0.675810 0.239368 0.697125 14.923163 -0.171159 -0.970909 0.167450 9.001944 
-6
0.711204 -0.038633 0.701924 -9536.371311 -0.681532 0.206900 0.701930 15.393936 -0.172346 -0.977599 0.120819 9.320047 
0.711164 -0.046320 0.701498 -9487.600477 -0.679657 0.209832 0.702877 23.945917 -0.179754 -0.976640 0.117744 32.833236 
0.705442 -0.071245 0.705178 -9521.992866 -0.687300 0.174251 0.705163 16.160361 -0.173118 -0.982121 0.073957 9.324638 
0.705925 -0.046593 0.706753 -9474.217174 -0.687162 0.196827 0.699333 24.558805 -0.171693 -0.979330 0.106928 18.567027 
0.699676 -0.104002 0.706850 -9506.649213 -0.693063 0.141513 0.706850 16.471926 -0.173542 -0.984458 0.026933 9.686009 
-6
0.693888 -0.136803 0.706968 -9492.189091 -0.698850 0.108717 0.706958 17.111589 -0.173574 -0.984614 -0.020167 10.133879 
-6
0.688105 -0.169693 0.705490 -9476.845147 -0.704608 0.075971 0.705518 17.237438 -0.173318 -0.982564 -0.067291 11.734454 
-6
0.682362 -0.202296 0.702466 -9461.387665 -0.710368 0.043271 0.702499 17.929208 -0.172510 -0.978368 -0.114178 11.296427 
-6
0.676637 -0.234736 0.697898 -9447.029314 -0.716103 0.010771 0.697911 18.556379 -0.171342 -0.972000 -0.160807 11.229419 
0.676210 -0.291188 0.676720 -9549.470994 -0.703530 0.017325 0.710454 9.804640 -0.218599 -0.956509 -0.193144 71.735618 
0.670954 -0.266956 0.691777 -9431.576850 -0.721787 -0.021451 0.691783 19.041896 -0.169836 -0.963470 -0.207078 11.361809 
0.679678 -0.307217 0.666074 -9495.386639 -0.702369 -0.010806 0.711731 1.861368 -0.211458 -0.951578 -0.223124 60.130993 
0.665350 -0.298818 0.684118 -9417.133516 -0.727398 -0.053354 0.684138 19.407040 -0.167932 -0.952818 -0.252858 11.104851 
0.677413 -0.321702 0.661528 -9462.793638 -0.708030 -0.041237 0.704977 0.170821 -0.199513 -0.945942 -0.255710 46.818155 
0.659791 -0.330330 0.674950 -9401.690153 -0.732965 -0.084909 0.674947 19.996363 -0.165646 -0.940039 -0.298143 11.084385 
0.674424 -0.333225 0.658872 -9425.958632 -0.714854 -0.071394 0.695620 2.727313 -0.184759 -0.940140 -0.286357 35.461481 
0.654305 -0.361434 0.664267 -9386.231835 -0.738446 -0.115987 0.664262 20.489201 -0.163040 -0.925155 -0.342790 11.678615 
0.663238 -0.359176 0.656588 -9425.087737 -0.727528 -0.103630 0.678207 10.019568 -0.175554 -0.927499 -0.330042 33.979282 
0.648900 -0.391979 0.652136 -9371.786471 -0.743843 -0.146487 0.652103 20.997578 -0.160081 -0.908237 -0.386627 12.372489 
0.672064 -0.392651 0.627819 -9375.913518 -0.720165 -0.149286 0.677552 -4.786320 -0.172317 -0.907491 -0.383102 32.103117 
0.643619 -0.421932 0.638536 -9357.231175 -0.749122 -0.176427 0.638506 21.546283 -0.156751 -0.889296 -0.429630 12.786251 
0.668021 -0.415019 0.617663 -9366.912958 -0.727099 -0.187401 0.660461 -3.293063 -0.158353 -0.890303 -0.426948 18.802240 
0.638472 -0.451201 0.623515 -9341.703328 -0.754270 -0.205702 0.623509 21.851393 -0.153069 -0.868392 -0.471662 13.133851 
0.660145 -0.440173 0.608651 -9368.131100 -0.735541 -0.214550 0.642610 0.925507 -0.152274 -0.871904 -0.465399 13.228854 
0.633448 -0.479731 0.607126 -9327.146725 -0.759299 -0.234257 0.607116 22.399098 -0.149029 -0.845566 -0.512648 13.206373 
0.658462 -0.449606 0.603558 -9349.115025 -0.739184 -0.235517 0.630982 -2.751791 -0.141545 -0.861618 -0.487421 7.498332 
0.628565 -0.507486 0.589376 -9311.614712 -0.764186 -0.262036 0.589370 22.874862 -0.144659 -0.820850 -0.552520 13.541129 
0.655208 -0.452687 0.604795 -9368.983440 -0.745175 -0.255700 0.615899 3.675579 -0.124164 -0.854220 -0.504867 -0.693038 
0.623805 -0.534397 0.570339 -9296.958602 -0.768935 -0.288884 0.570338 23.392946 -0.140025 -0.794334 -0.591124 14.057403 
0.626447 -0.489998 0.606190 -9549.819843 -0.770289 -0.270195 0.577624 23.720293 -0.119245 -0.828792 -0.546703 -4.286869 
0.619208 -0.560393 0.550038 -9282.199764 -0.773531 -0.314875 0.550004 24.073707 -0.135025 -0.766038 -0.628454 14.285925 
-4
0.614792 -0.585417 0.528505 -9266.585278 -0.777946 -0.339897 0.528460 24.428817 -0.129732 -0.736042 -0.664389 14.559146 
0.665234 -0.556388 0.497892 -9216.903145 -0.735836 -0.375554 0.563476 -21.077217 -0.126526 -0.741210 -0.659241 19.895513 
0.610571 -0.609399 0.505802 -9251.735624 -0.782169 -0.363890 0.505762 24.878053 -0.124154 -0.704427 -0.698834 14.856721 
-6
0.606528 -0.632320 0.481971 -9236.995460 -0.786208 -0.386786 0.481947 25.437862 -0.118325 -0.671244 -0.731732 15.280195 
-6
0.602698 -0.654101 0.457064 -9222.153093 -0.790023 -0.408482 0.457172 25.994938 -0.112334 -0.636627 -0.762946 15.412653 
-6
0.599046 -0.674700 0.431188 -9207.207326 -0.793672 -0.429064 0.431265 26.554506 -0.105967 -0.600569 -0.792520 15.641867 
0.605399 -0.666442 0.435140 -9132.278328 -0.788901 -0.429984 0.439032 25.001293 -0.105486 -0.609072 -0.786068 23.301657 
0.595628 -0.694097 0.404299 -9192.257840 -0.797108 -0.448561 0.404243 27.125536 -0.099231 -0.563048 -0.820445 16.132401 
0.610450 -0.681640 0.403383 -9137.922502 -0.786152 -0.459373 0.413452 13.882348 -0.096522 -0.569512 -0.816296 22.294946 
0.592459 -0.712199 0.376517 -9177.230972 -0.800282 -0.466697 0.376486 27.405684 -0.092414 -0.524373 -0.846459 16.402249 
0.613922 -0.698438 0.367809 -9145.007850 -0.784399 -0.487594 0.383367 2.318719 -0.088417 -0.523866 -0.847199 19.342963 
0.589497 -0.728996 0.347934 -9162.195070 -0.803242 -0.483478 0.347925 28.044251 -0.085417 -0.484576 -0.870569 16.606893 
0.605946 -0.721253 0.335593 -9162.802316 -0.790133 -0.496732 0.359092 9.085502 -0.092296 -0.482754 -0.870879 28.940564 
0.586784 -0.744438 0.318584 -9147.063883 -0.805945 -0.498867 0.318724 28.320325 -0.078339 -0.443784 -0.892703 16.974028 
0.600175 -0.736546 0.311913 -9208.270816 -0.795540 -0.509159 0.328440 11.156183 -0.083097 -0.445261 -0.891537 25.927878 
0.584294 -0.758530 0.288501 -9131.829274 -0.808448 -0.513033 0.288460 28.921039 -0.070795 -0.401783 -0.912994 17.163138 
0.600029 -0.747955 0.283776 -9098.940220 -0.796077 -0.523285 0.304029 5.421628 -0.078904 -0.408334 -0.909416 29.870767 
0.582066 -0.771200 0.257778 -9116.595937 -0.810678 -0.525713 0.257732 29.347989 -0.063246 -0.358992 -0.931195 17.425922 
0.609809 -0.753257 0.246450 -9086.465902 -0.789041 -0.547791 0.278099 -4.515535 -0.074477 -0.364047 -0.928398 30.372549 
0.580057 -0.782448 0.226517 -9101.277389 -0.812679 -0.536916 0.226437 29.834890 -0.055554 -0.315431 -0.947321 17.892400 
0.610792 -0.762655 0.212815 -9122.518636 -0.788935 -0.563386 0.245313 1.258690 -0.067192 -0.317732 -0.945797 36.018311 
0.578339 -0.792215 0.194730 -9086.926889 -0.814397 -0.546683 0.194665 30.420380 -0.047761 -0.271170 -0.961346 18.338732 
0.590199 -0.787834 0.176018 -9167.173611 -0.805116 -0.558597 0.199393 14.616825 -0.058765 -0.259397 -0.963981 47.963004 
0.576901 -0.800488 0.162494 -9071.514519 -0.815843 -0.554999 0.162408 30.707008 -0.039822 -0.226263 -0.973252 18.262232 
0.579400 -0.800688 0.152299 -9127.277205 -0.813976 -0.558890 0.158382 18.831829 -0.041697 -0.215734 -0.975561 41.264591 
0.575681 -0.807287 0.129921 -9057.058893 -0.817055 -0.561752 0.129832 31.607363 -0.031829 -0.180894 -0.982987 18.669161 
0.579088 -0.803681 0.136945 -9061.153491 -0.814903 -0.565601 0.126603 16.912406 -0.024292 -0.184911 -0.982455 27.203611 
0.574767 -0.812546 0.097018 -9041.450106 -0.817972 -0.567029 0.096951 31.832918 -0.023765 -0.135083 -0.990549 19.202676 
0.578582 -0.810060 0.095107 -9091.386929 -0.815313 -0.571198 0.094853 19.764610 -0.022512 -0.132422 -0.990938 35.929457 
0.574087 -0.816293 0.063950 -9026.899434 -0.818645 -0.570737 0.063880 32.533386 -0.015646 -0.089025 -0.995906 19.395785 
0.581287 -0.810106 0.076380 -9041.609125 -0.813686 -0.578195 0.060047 16.004216 -0.004482 -0.097054 -0.995269 25.609015 
0.573671 -0.818509 0.030740 -9012.161268 -0.819052 -0.572900 0.030654 33.607015 -0.007480 -0.042763 -0.999057 19.541057 
0.584744 -0.810360 0.037312 -9043.982161 -0.811218 -0.584156 0.026206 11.441581 0.000560 -0.045592 -0.998960 15.963879 
0.573559 -0.819160 -0.002560 -8996.432417 -0.819164 -0.573554 -0.002632 34.062912 0.000688 0.003607 -0.999993 19.867256 
0.584995 -0.811037 -0.000076 -9047.713380 -0.811017 -0.584980 -0.007022 10.393712 0.005651 0.004170 -0.999975 19.950840 
0.573754 -0.818243 -0.035851 -8981.622237 -0.818980 -0.572697 -0.035918 34.043433 0.008858 0.049970 -0.998711 20.161522 
0.586678 -0.809573 -0.020008 -9027.836987 -0.809144 -0.584999 -0.055339 9.090759 0.033096 0.048655 -0.998267 14.691720 
0.574168 -0.815818 -0.069078 -8966.704651 -0.818561 -0.570244 -0.069132 34.503515 0.017008 0.096238 -0.995213 20.643891 
0.589602 -0.806688 -0.040286 -9039.630500 -0.806659 -0.585590 -0.079914 11.350879 0.040874 0.079614 -0.995987 13.094897 
0.574886 -0.811830 -0.102163 -8951.765752 -0.817849 -0.566291 -0.102167 35.069873 0.025088 0.142288 -0.989507 20.894713 
0.586092 -0.807071 -0.071634 -9018.348574 -0.808632 -0.577062 -0.114516 10.443358 0.051086 0.125043 -0.990835 7.505879 
0.575867 -0.806318 -0.135011 -8936.848725 -0.816871 -0.560798 -0.135010 35.516857 0.033148 0.188034 -0.981603 21.252526 
0.601308 -0.794914 -0.080874 -8956.896661 -0.796449 -0.588188 -0.140370 0.821374 0.064013 0.148818 -0.986791 -3.654772 
0.577080 -0.799321 -0.167524 -8921.730232 -0.815650 -0.553753 -0.167548 36.098620 0.041157 0.233330 -0.971526 21.480217 
0.590243 -0.796344 -0.132096 -8960.085281 -0.804903 -0.568207 -0.171091 9.280743 0.061189 0.207310 -0.976360 3.495111 
0.578597 -0.790795 -0.199674 -8906.619743 -0.814137 -0.545249 -0.199710 36.327946 0.049058 0.278113 -0.959295 21.743860 
0.592061 -0.789723 -0.160629 -8932.436512 -0.803152 -0.561784 -0.198356 6.678365 0.066407 0.246448 -0.966878 5.927469 
0.580346 -0.780803 -0.231397 -8891.404952 -0.812384 -0.535239 -0.231411 36.866448 0.056833 0.322282 -0.944936 22.055691 
0.600849 -0.783283 -0.159524 -8906.072635 -0.794380 -0.562845 -0.228398 -3.854783 0.089113 0.263955 -0.960410 -10.955184 
0.582369 -0.769347 -0.262587 -8877.153042 -0.810361 -0.523777 -0.262627 37.531555 0.064514 0.365736 -0.928480 22.293805 
-6
0.584638 -0.756458 -0.293204 -8861.841452 -0.808089 -0.510877 -0.293251 38.026686 0.072041 0.408381 -0.909964 22.722200 
0.588375 -0.757510 -0.282831 -8738.366515 -0.805138 -0.516579 -0.291374 31.452107 0.074615 0.399155 -0.913842 28.827175 
0.587167 -0.742155 -0.323174 -8846.449315 -0.805562 -0.496581 -0.323228 38.411447 0.079403 0.450125 -0.889428 22.984578 
-6
0.589927 -0.726483 -0.352431 -8832.014469 -0.802801 -0.480910 -0.352471 39.098344 0.086577 0.490864 -0.866924 23.424359 
0.603807 -0.718661 -0.344882 -8750.791897 -0.792325 -0.493648 -0.358515 33.352836 0.087401 0.489732 -0.867481 36.427465 
0.592915 -0.709492 -0.380886 -8816.604117 -0.799807 -0.463878 -0.380953 39.412757 0.093598 0.530508 -0.842497 23.472901 
0.601106 -0.705524 -0.375376 -8724.057739 -0.793867 -0.473132 -0.381995 32.893658 0.091904 0.527618 -0.844495 38.768251 
0.596151 -0.691166 -0.408526 -8801.966680 -0.796575 -0.445574 -0.408573 40.229654 0.100363 0.568993 -0.816195 23.870103 
0.623570 -0.686808 -0.373438 -8699.263302 -0.774351 -0.476983 -0.415774 11.957297 0.107433 0.548436 -0.829262 24.355452 
0.599619 -0.671572 -0.435257 -8786.372527 -0.793133 -0.426127 -0.435151 40.417497 0.106760 0.606141 -0.788160 24.418382 
-6
0.603268 -0.650810 -0.460993 -8771.752624 -0.789458 -0.405216 -0.461038 41.145647 0.113247 0.642064 -0.758241 24.329662 
0.609116 -0.657691 -0.443194 -8672.001675 -0.784191 -0.416026 -0.460400 28.802692 0.118420 0.627985 -0.769163 28.663029 
0.607149 -0.628858 -0.485703 -8757.035698 -0.785575 -0.383262 -0.485780 41.531753 0.119335 0.676497 -0.726712 24.594819 
0.612090 -0.630266 -0.477608 -8677.857551 -0.781812 -0.391566 -0.485227 34.169050 0.118807 0.670403 -0.732424 39.878794 
0.611211 -0.605746 -0.509404 -8741.349406 -0.781516 -0.360164 -0.509426 41.953715 0.125114 0.709475 -0.693536 25.108651 
0.621716 -0.597013 -0.506996 -8655.917429 -0.774369 -0.371361 -0.512293 34.945038 0.117567 0.711103 -0.693189 46.505434 
0.615482 -0.581615 -0.531890 -8726.527347 -0.777243 -0.336017 -0.531964 42.345383 0.130675 0.740822 -0.658868 25.190242 
0.625680 -0.579875 -0.521795 -8619.946997 -0.768955 -0.345905 -0.537641 30.236722 0.131273 0.737628 -0.662324 38.134421 
0.619907 -0.556441 -0.553253 -8711.710975 -0.772816 -0.310835 -0.553297 42.990559 0.135907 0.770555 -0.622715 25.732043 
0.630932 -0.560383 -0.536559 -8608.914838 -0.763254 -0.324271 -0.558830 25.865876 0.139169 0.762115 -0.632307 33.182262 
0.624461 -0.530355 -0.573386 -8696.907839 -0.768239 -0.284619 -0.573411 43.564548 0.140915 0.798571 -0.585173 26.112422 
0.641868 -0.500745 -0.580740 -8615.207819 -0.756873 -0.292157 -0.584627 21.268801 0.123082 0.814800 -0.566527 60.476802 
0.629325 -0.503225 -0.592212 -8681.888454 -0.763416 -0.257724 -0.592262 44.052021 0.145414 0.824829 -0.546362 26.227129 
0.672531 -0.463664 -0.576818 -8636.344668 -0.728451 -0.277174 -0.626525 2.033452 0.130618 0.841541 -0.524164 56.361442 
0.634190 -0.475397 -0.609754 -8666.994030 -0.758527 -0.229758 -0.609793 44.561682 0.149798 0.849240 -0.506312 26.494922 
0.668517 -0.449760 -0.592284 -8675.356350 -0.731318 -0.252860 -0.633432 11.592842 0.135128 0.856608 -0.497959 50.023471 
0.639241 -0.446719 -0.625950 -8652.090752 -0.753478 -0.201088 -0.625967 45.107845 0.153761 0.871783 -0.465137 26.793841 
0.671135 -0.436209 -0.599416 -8612.496496 -0.725811 -0.222026 -0.651079 5.954434 0.150920 0.872024 -0.465614 47.489285 
0.644406 -0.417397 -0.640718 -8637.082539 -0.748302 -0.171708 -0.640750 45.670300 0.157431 0.892354 -0.422989 26.546876 
0.679391 -0.403340 -0.612981 -8607.594192 -0.717187 -0.188368 -0.670940 4.192243 0.155151 0.895452 -0.417246 47.541107 
0.649696 -0.387366 -0.654098 -8621.884719 -0.743010 -0.141663 -0.654116 46.140530 0.160721 0.910977 -0.379854 27.051407 
0.667548 -0.378869 -0.640966 -8643.942372 -0.727665 -0.149587 -0.669423 19.736688 0.157743 0.913281 -0.375547 43.833338 
0.655102 -0.356705 -0.666035 -8606.778819 -0.737608 -0.111023 -0.666039 46.507282 0.163634 0.927597 -0.335840 27.598413 
-6
0.660613 -0.325523 -0.676480 -8591.772585 -0.732138 -0.080080 -0.676432 47.017475 0.166022 0.942137 -0.291230 28.168387 
0.668934 -0.311682 -0.674820 -8542.218980 -0.726017 -0.079213 -0.683099 36.312737 0.159456 0.946879 -0.279275 57.638460 
0.666178 -0.293953 -0.685418 -8576.877333 -0.726568 -0.048476 -0.685382 47.491403 0.168244 0.954590 -0.245871 28.345428 
0.687131 -0.289249 -0.666473 -8544.541294 -0.709382 -0.068954 -0.701444 15.977287 0.156936 0.954767 -0.252568 55.630131 
0.671818 -0.261949 -0.692852 -8561.885700 -0.720935 -0.016511 -0.692806 47.922598 0.170040 0.964940 -0.199940 28.908218 
0.680762 -0.274493 -0.679129 -8539.759681 -0.713290 -0.037453 -0.699867 17.940672 0.166673 0.960860 -0.221290 47.614320 
0.677508 -0.229655 -0.698742 -8546.782549 -0.715215 0.015947 -0.698722 48.543622 0.171608 0.973141 -0.153449 29.341801 
0.693442 -0.257247 -0.673024 -8550.695149 -0.696684 -0.001159 -0.717377 16.908537 0.183763 0.966345 -0.180024 38.092427 
0.683251 -0.197121 -0.703073 -8531.784788 -0.709476 0.048465 -0.703061 48.998448 0.172663 0.979180 -0.106739 29.420514 
0.708697 -0.244905 -0.661642 -8556.031725 -0.678414 0.020865 -0.734384 9.745832 0.193659 0.969323 -0.151360 31.211174 
0.689001 -0.164456 -0.705856 -8516.884149 -0.703723 0.081145 -0.705825 49.609886 0.173354 0.983041 -0.059823 29.753390 
0.707338 -0.213243 -0.673943 -8554.316889 -0.679667 0.056800 -0.731318 15.426033 0.194229 0.975347 -0.104757 27.765290 
0.694778 -0.131707 -0.707062 -8501.794477 -0.697938 0.113934 -0.707037 49.999236 0.173680 0.984719 -0.012764 29.913734 
0.719873 -0.162681 -0.674772 -8498.854918 -0.669081 0.096042 -0.736957 9.065331 0.184696 0.981993 -0.039709 30.341387 
0.700572 -0.098912 -0.706693 -8486.805308 -0.692148 0.146708 -0.706688 50.386781 0.173577 0.984222 0.034318 30.268653 
0.724700 -0.106805 -0.680736 -8402.387895 -0.667576 0.135962 -0.732022 13.481059 0.170738 0.984940 0.027231 54.381072 
0.706333 -0.066178 -0.704780 -8471.908699 -0.686412 0.179303 -0.704761 50.954325 0.173009 0.981566 0.081223 30.451393 
0.707982 -0.057454 -0.703889 -8366.896904 -0.685587 0.183306 -0.704535 48.084233 0.169506 0.981375 0.090388 55.009424 
0.712089 -0.033593 -0.701285 -8456.823673 -0.680621 0.212088 -0.701266 51.458543 0.172292 0.976673 0.128161 30.262666 
0.713227 -0.028431 -0.700357 -8357.643874 -0.679555 0.216844 -0.700845 49.596576 0.171793 0.975792 0.135338 53.957093 
0.717797 -0.001139 -0.696252 -8441.828894 -0.674919 0.244506 -0.696204 51.984597 0.171031 0.969647 0.174737 30.964107 
0.737147 -0.000466 -0.675733 -8384.900816 -0.655124 0.244592 -0.714834 15.853754 0.165612 0.969626 0.179995 60.879796 
0.723464 0.030951 -0.689668 -8426.834176 -0.669284 0.276418 -0.689675 52.501871 0.169291 0.960539 0.220694 31.457425 
0.735754 0.009488 -0.677182 -8451.222886 -0.653875 0.270377 -0.706643 17.870453 0.176390 0.962708 0.205135 43.525427 
0.729089 0.062826 -0.681529 -8411.858909 -0.663668 0.308239 -0.681567 52.776599 0.167253 0.949232 0.266429 32.198537 
0.732746 0.037289 -0.679479 -8375.735696 -0.657504 0.296182 -0.692794 39.118767 0.175416 0.954403 0.241544 36.867574 
0.734601 0.094288 -0.671916 -8396.971681 -0.658159 0.339686 -0.671893 53.401689 0.164888 0.935801 0.311590 32.713171 
0.738462 0.113099 -0.664742 -8316.454618 -0.656837 0.343526 -0.671234 49.076771 0.152440 0.932308 0.327968 63.925740 
0.740060 0.125140 -0.660796 -8381.989393 -0.652700 0.370536 -0.660822 53.855957 0.162153 0.920350 0.355898 32.682102 
0.747158 0.147918 -0.647978 -8386.595855 -0.648626 0.375037 -0.662293 39.503097 0.145050 0.915132 0.376155 75.884998 
0.745399 0.155468 -0.648236 -8366.898086 -0.647327 0.401059 -0.648167 54.476814 0.159212 0.902763 0.399588 32.873883 
0.751408 0.174065 -0.636464 -8374.988343 -0.644049 0.403223 -0.650086 39.321348 0.143480 0.898395 0.415091 73.339462 
0.750667 0.185201 -0.634192 -8351.805043 -0.642080 0.430674 -0.634235 54.946320 0.155669 0.883301 0.442206 32.999876 
0.756040 0.204159 -0.621871 -8332.522817 -0.639019 0.435823 -0.633808 44.376571 0.141628 0.876571 0.459961 69.452215 
0.755774 0.214328 -0.618765 -8336.817466 -0.636949 0.459937 -0.618671 55.541616 0.151994 0.861697 0.484124 33.276896 
0.772355 0.205043 -0.601187 -8309.049528 -0.617740 0.462804 -0.635775 37.997903 0.147870 0.862421 0.484112 61.841775 
0.760770 0.242607 -0.601972 -8321.849142 -0.631948 0.488238 -0.601884 55.894128 0.147884 0.838311 0.524752 33.506730 
0.779146 0.216558 -0.588246 -8255.017290 -0.610036 0.477802 -0.632108 31.839647 0.144177 0.851356 0.504386 59.222491 
0.765617 0.270144 -0.583826 -8306.763112 -0.627129 0.515620 -0.583819 56.439467 0.143317 0.813116 0.564183 33.993370 
0.780503 0.259388 -0.568799 -8223.198288 -0.608969 0.521142 -0.597970 33.109296 0.141319 0.813098 0.564713 57.408949 
0.770317 0.296724 -0.564417 -8291.892409 -0.622427 0.542210 -0.564440 56.941194 0.138550 0.786106 0.602363 34.163442 
-6
0.774845 0.322458 -0.543724 -8276.810686 -0.617906 0.567901 -0.543764 57.455340 0.133441 0.757304 0.639284 34.695051 
0.797828 0.314926 -0.514094 -8175.481101 -0.589560 0.585836 -0.556070 34.820995 0.126053 0.746738 0.653065 66.897416 
0.779208 0.347181 -0.521823 -8261.835577 -0.613536 0.592668 -0.521842 57.947807 0.128094 0.726781 0.674820 34.972032 
0.793659 0.341540 -0.503445 -8158.378246 -0.596872 0.597233 -0.535777 37.268891 0.117685 0.725716 0.677855 68.986271 
0.783383 0.370834 -0.498792 -8246.852080 -0.609363 0.616310 -0.498837 58.475574 0.122426 0.694726 0.708779 35.096076 
0.806370 0.357782 -0.470914 -8099.791481 -0.579530 0.636833 -0.508517 36.978410 0.117956 0.682961 0.720868 68.063284 
0.787375 0.393418 -0.474619 -8231.775837 -0.605369 0.638904 -0.474689 58.948851 0.116485 0.661078 0.741220 35.293177 
0.810228 0.374080 -0.451215 -8144.522372 -0.576188 0.649447 -0.496212 32.484860 0.107417 0.662030 0.741740 65.873881 
0.791142 0.414916 -0.449377 -8216.805083 -0.601607 0.660375 -0.449415 59.534151 0.110288 0.625899 0.772067 35.659535 
0.806564 0.368744 -0.462041 -8235.617793 -0.580399 0.642332 -0.500547 42.165209 0.112210 0.671891 0.732101 53.019772 
0.794719 0.435127 -0.423185 -8201.837656 -0.598023 0.680626 -0.423223 59.962248 0.103875 0.589418 0.801122 35.849111 
0.805232 0.368713 -0.464383 -8252.162847 -0.582302 0.639521 -0.501933 42.858572 0.111914 0.674584 0.729665 46.180449 
0.798082 0.454086 -0.396070 -8186.859448 -0.594659 0.699590 -0.396175 60.425562 0.097189 0.551707 0.828356 36.286952 
0.801620 0.384222 -0.458015 -8174.289464 -0.587660 0.647159 -0.485634 43.178007 0.109817 0.658451 0.744568 43.324950 
0.801189 0.471874 -0.368009 -8171.786039 -0.591555 0.717359 -0.368047 60.986624 0.090323 0.512573 0.853880 36.672266 
-6
0.804086 0.488284 -0.339152 -8156.816496 -0.588658 0.733771 -0.339208 61.535556 0.083230 0.472397 0.877447 36.997148 
0.811473 0.472202 -0.344293 -8072.436819 -0.577095 0.740305 -0.344833 56.806473 0.092051 0.478512 0.873243 40.047168 
0.806735 0.503293 -0.309636 -8141.851799 -0.585993 0.748870 -0.309526 61.925051 0.076094 0.431150 0.899066 37.215386 
0.822541 0.479529 -0.305742 -7997.733792 -0.563734 0.758430 -0.327090 52.469196 0.075035 0.441402 0.894167 57.997645 
0.809138 0.516945 -0.279398 -8126.791384 -0.583603 0.762448 -0.279429 62.398370 0.068577 0.389154 0.918616 37.538472 
0.819979 0.501653 -0.275642 -7999.478579 -0.568394 0.770443 -0.288695 58.164483 0.067541 0.393397 0.916884 60.624977 
0.811305 0.529184 -0.248494 -8111.833195 -0.581423 0.774762 -0.248376 62.882566 0.061087 0.345989 0.936248 37.708830 
0.824361 0.514149 -0.236812 -7980.870368 -0.563236 0.786781 -0.252469 53.372373 0.056512 0.341506 0.938179 62.661795 
0.813223 0.539988 -0.216983 -8096.855235 -0.579512 0.785528 -0.217052 63.285978 0.053240 0.302256 0.951739 38.306751 
0.826329 0.526014 -0.201220 -7967.401815 -0.561516 0.797004 -0.222453 59.686314 0.043359 0.296808 0.953952 68.325605 
0.814836 0.549335 -0.185130 -8081.900326 -0.577909 0.794816 -0.185172 64.008035 0.045422 0.257873 0.965111 38.350100 
0.818786 0.549254 -0.167061 -7998.252613 -0.573479 0.796023 -0.193570 69.746929 0.026665 0.254298 0.966758 75.586366 
0.816230 0.557183 -0.152693 -8066.825258 -0.576510 0.802691 -0.152717 64.649820 0.037475 0.212681 0.976403 38.907778 
0.810968 0.569104 -0.135834 -8008.144208 -0.584616 0.797511 -0.148996 70.949054 0.023535 0.200242 0.979464 73.786921 
0.817350 0.563504 -0.120009 -8051.881275 -0.575389 0.809020 -0.120055 65.031500 0.029438 0.167179 0.985487 39.049325 
0.807481 0.577061 -0.122374 -8026.785461 -0.588906 0.800591 -0.110651 66.996670 0.034119 0.161416 0.986297 61.151912 
0.818205 0.568296 -0.087064 -8036.813489 -0.574530 0.813838 -0.087088 65.363725 0.021365 0.121277 0.992389 39.225222 
0.801820 0.585830 -0.117844 -8069.527825 -0.596143 0.797801 -0.090153 68.649163 0.041201 0.142538 0.988931 46.964563 
0.818776 0.571568 -0.053998 -8021.866954 -0.573961 0.817097 -0.054051 66.007194 0.013228 0.075248 0.997077 39.522025 
0.802123 0.593020 -0.070186 -8069.069279 -0.596614 0.800856 -0.051779 68.745572 0.025503 0.083407 0.996189 45.409144 
0.819082 0.573303 -0.020700 -8006.805693 -0.573654 0.818835 -0.020731 66.421794 0.005065 0.028855 0.999571 39.959282 
0.804943 0.593317 -0.006412 -8052.588148 -0.593246 0.804957 0.010171 72.461023 0.011196 -0.004384 0.999928 43.635337 
0.819102 0.573510 0.012550 -7991.859156 -0.573639 0.819013 0.012494 67.045244 -0.003114 -0.017433 0.999843 40.321867 
0.833416 0.552589 0.007960 -7875.998049 -0.552645 0.833298 0.014034 55.943142 0.001122 -0.016095 0.999870 64.809882 
0.818878 0.572133 0.045864 -7976.897673 -0.573857 0.817672 0.045830 67.462954 -0.011281 -0.063848 0.997896 40.494771 
0.838929 0.541769 0.051815 -7875.399593 -0.543826 0.838198 0.040955 49.547873 -0.021243 -0.062537 0.997817 70.495518 
0.818368 0.569228 0.079082 -7961.839450 -0.574367 0.814770 0.079076 67.973551 -0.019421 -0.110135 0.993727 40.916672 
0.834643 0.544638 0.082099 -7847.108410 -0.550196 0.831357 0.078294 56.641106 -0.025611 -0.110518 0.993544 70.491695 
0.817585 0.564816 0.111974 -7946.905706 -0.575153 0.810341 0.112012 68.384474 -0.027471 -0.155981 0.987378 41.116307 
0.834154 0.542567 0.099034 -7841.788496 -0.550827 0.828619 0.099904 55.911380 -0.027857 -0.137886 0.990056 67.356582 
0.816556 0.558819 0.144768 -7931.865413 -0.576173 0.804397 0.144815 68.530368 -0.035525 -0.201661 0.978811 41.640766 
0.830667 0.544451 0.116475 -7876.000128 -0.556280 0.820348 0.132597 61.334799 -0.023358 -0.174937 0.984303 49.378983 
0.815253 0.551323 0.177215 -7916.810114 -0.577468 0.796940 0.177252 69.017033 -0.043506 -0.246842 0.968079 41.639916 
0.826055 0.548744 0.128500 -7899.792399 -0.563360 0.810468 0.160521 66.324075 -0.016060 -0.204991 0.978632 35.745046 
0.813649 0.542426 0.209162 -7901.867175 -0.579082 0.787984 0.209152 69.709162 -0.051367 -0.291298 0.955252 41.896806 
0.823929 0.540729 0.169568 -7842.598314 -0.565594 0.803282 0.186660 66.876313 -0.035278 -0.249701 0.967680 43.741937 
0.811805 0.532005 0.240716 -7886.812791 -0.580930 0.777543 0.240723 70.293785 -0.059101 -0.335259 0.940270 42.311118 
0.832566 0.509629 0.217055 -7796.244553 -0.551658 0.798272 0.241733 52.371651 -0.050075 -0.320998 0.945755 58.778990 
0.809688 0.520104 0.271839 -7871.859221 -0.583053 0.765609 0.271833 71.013322 -0.066741 -0.378596 0.923153 42.594782 
0.827308 0.497069 0.261693 -7796.335439 -0.557667 0.782789 0.276133 55.962156 -0.067593 -0.374384 0.924807 68.262245 
0.807356 0.506799 0.302212 -7856.818905 -0.585380 0.752332 0.302203 71.391228 -0.074208 -0.420894 0.904070 42.874668 
0.821023 0.490736 0.291717 -7759.088350 -0.565687 0.768171 0.299854 58.637578 -0.076939 -0.411207 0.908289 69.417404 
0.804767 0.492074 0.331984 -7841.775894 -0.587969 0.737611 0.331999 71.901040 -0.081507 -0.462378 0.882929 43.209757 
0.824917 0.468830 0.315771 -7738.005589 -0.559029 0.759342 0.332997 52.595980 -0.083660 -0.451220 0.888483 69.880261 
0.801932 0.476001 0.361010 -7826.836766 -0.590803 0.721541 0.361012 72.398789 -0.088641 -0.502793 0.859850 43.528147 
0.817993 0.460253 0.345043 -7719.173931 -0.568045 0.740816 0.358492 61.909239 -0.090616 -0.489244 0.867427 68.178397 
0.798846 0.458593 0.389278 -7811.898482 -0.593899 0.704075 0.389309 73.017789 -0.095547 -0.542190 0.834806 43.735194 
0.811116 0.451677 0.371588 -7719.173525 -0.576898 0.722466 0.381093 67.339702 -0.096328 -0.523479 0.846576 69.171410 
0.795557 0.439933 0.416592 -7796.774653 -0.597183 0.685445 0.416578 73.410424 -0.102285 -0.580193 0.808031 43.987729 
0.809171 0.424560 0.406191 -7706.155109 -0.577056 0.704426 0.413267 65.632570 -0.110675 -0.568799 0.814996 77.363332 
0.792058 0.419880 0.443108 -7781.825804 -0.600671 0.665452 0.443134 73.920922 -0.108804 -0.617150 0.779286 44.390885 
0.801503 0.400506 0.444059 -7725.506366 -0.585541 0.676374 0.446834 69.902744 -0.121390 -0.618153 0.776628 82.671594 
0.788305 0.398802 0.468543 -7766.880329 -0.604436 0.644307 0.468536 74.667940 -0.115032 -0.652553 0.748960 44.757311 
-6
0.784378 0.376474 0.492969 -7751.851796 -0.608362 0.621985 0.492982 75.066441 -0.121024 -0.686588 0.716904 45.008531 
0.787524 0.362741 0.498222 -7702.640366 -0.602228 0.624635 0.497144 77.063600 -0.130872 -0.691556 0.710368 75.300386 
0.780260 0.353066 0.516274 -7736.831306 -0.612479 0.598585 0.516300 75.420539 -0.126746 -0.719055 0.683297 45.308312 
0.781835 0.343452 0.520361 -7668.348134 -0.608127 0.604176 0.514930 79.685668 -0.137536 -0.719035 0.681228 74.036865 
0.775939 0.328641 0.538436 -7721.889228 -0.616800 0.574156 0.538426 75.995029 -0.132198 -0.749893 0.648216 45.725188 
0.776641 0.318983 0.543211 -7648.649099 -0.613459 0.578955 0.537103 80.940892 -0.143168 -0.750374 0.645323 71.742452 
0.771444 0.303175 0.559427 -7706.787373 -0.621300 0.548663 0.559424 76.371635 -0.137334 -0.779136 0.611626 45.978363 
0.770249 0.305523 0.559796 -7655.041142 -0.621853 0.554532 0.552986 82.989454 -0.141475 -0.774048 0.617118 65.113518 
0.766791 0.276765 0.579166 -7691.839285 -0.625949 0.522274 0.579152 76.953717 -0.142194 -0.806617 0.573716 46.376653 
0.765563 0.274098 0.582051 -7637.957349 -0.626304 0.524453 0.576795 83.632813 -0.147160 -0.806114 0.573171 65.283482 
0.761987 0.249408 0.597639 -7676.811715 -0.630748 0.494948 0.597648 77.438721 -0.146742 -0.832359 0.534457 46.479587 
0.761247 0.240961 0.602031 -7618.226815 -0.629708 0.496352 0.597580 84.868335 -0.154826 -0.834010 0.529581 65.265396 
0.757051 0.221230 0.614761 -7661.795634 -0.635673 0.466833 0.614807 77.859332 -0.150977 -0.856227 0.494046 46.798291 
0.763023 0.223412 0.606534 -7605.114331 -0.629381 0.470534 0.618448 81.911915 -0.147226 -0.853631 0.499639 60.378358 
0.751949 0.192383 0.630524 -7646.887014 -0.640782 0.437945 0.630558 78.248556 -0.154827 -0.878176 0.452588 47.173349 
0.757112 0.184990 0.626547 -7604.458727 -0.633578 0.441716 0.635189 78.516353 -0.159252 -0.877875 0.451634 63.760637 
0.746732 0.162863 0.644878 -7631.747880 -0.646002 0.408407 0.644891 78.864443 -0.158343 -0.898153 0.410181 47.441559 
0.750119 0.166663 0.639957 -7576.805794 -0.644038 0.403793 0.649743 82.908559 -0.150122 -0.899541 0.410230 50.201687 
0.741399 0.132629 0.657827 -7616.845314 -0.651336 0.378166 0.657839 79.345352 -0.161520 -0.916188 0.366758 47.612338 
0.746698 0.140771 0.650096 -7565.105294 -0.647897 0.375161 0.662936 81.934328 -0.150569 -0.916208 0.371337 49.921873 
0.735968 0.101803 0.669319 -7601.811147 -0.656762 0.347371 0.669326 79.790113 -0.164362 -0.932185 0.322514 48.409271 
0.739326 0.111851 0.663993 -7550.659575 -0.654976 0.348237 0.670625 81.813987 -0.156217 -0.930710 0.330720 52.479438 
0.730450 0.070600 0.679308 -7586.796239 -0.662289 0.316117 0.679296 80.425794 -0.166783 -0.946090 0.277665 48.321386 
0.738476 0.078087 0.669743 -7535.222854 -0.655462 0.316158 0.685867 76.944451 -0.158188 -0.945487 0.284658 51.129493 
0.724857 0.038821 0.687805 -7571.776234 -0.667882 0.284337 0.687812 80.931943 -0.168867 -0.957938 0.232031 48.695436 
0.747867 0.030665 0.663140 -7537.709573 -0.643699 0.277745 0.713099 56.827864 -0.162317 -0.960165 0.227455 52.104667 
